[gd_scene load_steps=13 format=2]

[ext_resource path="res://Assets/Player/Player.tscn" type="PackedScene" id=1]
[ext_resource path="res://Assets/Textures/Dev Texture.jpg" type="Texture" id=2]
[ext_resource path="res://Assets/Textures/Door.jpg" type="Texture" id=3]
[ext_resource path="res://Assets/Textures/L1.jpg" type="Texture" id=4]
[ext_resource path="res://Assets/Models/Counters/Counter.tscn" type="PackedScene" id=5]
[ext_resource path="res://Assets/Models/Counters/Counter With Sink.tscn" type="PackedScene" id=6]
[ext_resource path="res://Assets/Models/Machines/machine_microscope.fbx" type="PackedScene" id=7]

[sub_resource type="SpatialMaterial" id=1]

[sub_resource type="SpatialMaterial" id=2]
albedo_texture = ExtResource( 2 )
uv1_scale = Vector3( 10, 10, 10 )

[sub_resource type="SpatialMaterial" id=4]
albedo_color = Color( 0, 0, 0, 1 )

[sub_resource type="SpatialMaterial" id=5]
albedo_color = Color( 0.262745, 0.262745, 0.262745, 1 )

[sub_resource type="SpatialMaterial" id=3]
albedo_texture = ExtResource( 3 )

[node name="Spatial" type="Spatial"]
transform = Transform( 1, 0, 0, 0, 1, 0, 0, 0, 1, 0.000810623, 0, 0.000140667 )

[node name="Player" parent="." instance=ExtResource( 1 )]
transform = Transform( 0.923177, 0, 0.384376, 0, 1, 0, -0.384376, 0, 0.923177, -9.84343, -6.79182, -38.9343 )
lookSensitivity = 2.0

[node name="CSGCylinder" type="CSGCylinder" parent="."]
transform = Transform( 0.72, 0, 0, 0, 0.72, 0, 0, 0, 0.72, 0.0370617, -0.0634069, 0.421487 )
use_collision = true
radius = 83.1544
height = 23.2237
material = SubResource( 1 )

[node name="CSGCylinder2" type="CSGCylinder" parent="CSGCylinder"]
operation = 2
radius = 78.7769
height = 22.6382
material = SubResource( 2 )

[node name="CSGBox" type="CSGBox" parent="CSGCylinder"]
transform = Transform( 0.936623, 0, 0.350338, 0, 1, 0, -0.350338, 0, 0.936623, -22.0725, -3.14311, -70.7178 )
operation = 2
width = 16.6053
height = 16.3578
depth = 8.32502

[node name="CSGBox2" type="CSGBox" parent="CSGCylinder"]
transform = Transform( 0.922653, 0, 0.385632, 0, 1, 0, -0.385632, 0, 0.922653, -21.8441, 7.70098, -69.6456 )
width = 4.74286
height = 4.7309
depth = 0.422626

[node name="Sprite3D" type="Sprite3D" parent="CSGCylinder/CSGBox2"]
transform = Transform( 1, 0, 2.98023e-08, 0, 1, 0, -2.98023e-08, 0, 1, -0.0917377, 0, 0.219482 )
texture = ExtResource( 4 )

[node name="CSGCylinder" type="CSGCylinder" parent="CSGCylinder"]
transform = Transform( 1, 0, 0, 0, 1, 0, 0, 0, 1, 0, 14.5045, 0 )
radius = 8.93676
height = 59.9175
material = SubResource( 4 )

[node name="CSGCylinder3" type="CSGCylinder" parent="CSGCylinder"]
transform = Transform( 1, 0, 0, 0, 1, 0, 0, 0, 1, 0, 14.5045, 0 )
operation = 2
radius = 6.69358
height = 59.4984
material = SubResource( 5 )

[node name="CSGBox3" type="CSGBox" parent="CSGCylinder"]
transform = Transform( 1, 0, 0, 0, 1, 0, 0, 0, 1, 8.29973, -5.93429, -0.452343 )
operation = 2
width = 7.37451
height = 10.6407
depth = 5.80187

[node name="CSGBox4" type="CSGBox" parent="CSGCylinder"]
transform = Transform( 1, 0, 0, 0, 1, 0, 0, 0, 1, 8.29973, 16.9102, -0.452343 )
operation = 2
width = 7.37451
height = 10.6407
depth = 5.80187

[node name="CSGBox5" type="CSGBox" parent="CSGCylinder"]
transform = Transform( 0.922721, 0.0119959, -0.385282, 0.0101204, -0.999925, -0.00689542, -0.385336, 0.00246333, -0.922773, -22.6794, -3.20655, -70.7961 )
width = 20.9026
height = 17.0594
depth = 0.248022
material = SubResource( 3 )

[node name="Counter" parent="." instance=ExtResource( 5 )]
transform = Transform( -0.06, 0, 0, 0, 0.044, 3.49691e-09, 0, -3.8466e-09, 0.04, 15.1766, -6.53172, -21.8961 )

[node name="RootNode" parent="." instance=ExtResource( 6 )]
transform = Transform( -0.06, 2.8012e-05, 1.44941e-05, 3.82033e-05, 0.044, 9.2121e-06, 2.17322e-05, -1.01436e-05, 0.04, 11.4271, -6.50747, -21.9371 )

[node name="machine_microscope" parent="RootNode" instance=ExtResource( 7 )]
transform = Transform( 1, 2.84217e-13, -1.60071e-10, 4.88996e-11, 1, 1.30967e-10, 5.82077e-11, 0, 1, -48.8034, 34.3924, 31.3945 )
