[gd_scene load_steps=9 format=2]

[ext_resource path="res://Assets/Player/Player.tscn" type="PackedScene" id=1]
[ext_resource path="res://Assets/Textures/Wall Testing.material" type="Material" id=2]
[ext_resource path="res://Assets/Lifts/Lift.tscn" type="PackedScene" id=3]
[ext_resource path="res://Assets/Textures/L1.jpg" type="Texture" id=4]
[ext_resource path="res://Assets/Keycard door/Keycard Door.tscn" type="PackedScene" id=5]

[sub_resource type="SpatialMaterial" id=1]

[sub_resource type="SpatialMaterial" id=4]
albedo_color = Color( 0, 0, 0, 1 )

[sub_resource type="SpatialMaterial" id=5]
albedo_color = Color( 0.262745, 0.262745, 0.262745, 1 )

[node name="Spatial" type="Spatial"]
transform = Transform( 1, 0, 0, 0, 1, 0, 0, 0, 1, 0.000810623, 0, 0.000140667 )

[node name="Player" parent="." instance=ExtResource( 1 )]
transform = Transform( 0.923177, 0, 0.384376, 0, 1, 0, -0.384376, 0, 0.923177, -9.07619, -6.79182, 1.79608 )
collision_layer = 0

[node name="CSGCylinder" type="CSGCylinder" parent="."]
transform = Transform( 0.72, 0, 0, 0, 0.72, 0, 0, 0, 0.72, 0.0370617, -0.0634069, 0.421487 )
use_collision = true
radius = 83.1544
height = 23.2237
material = SubResource( 1 )

[node name="CSGCylinder2" type="CSGCylinder" parent="CSGCylinder"]
operation = 2
radius = 78.7769
height = 22.6382
material = ExtResource( 2 )

[node name="CSGBox" type="CSGBox" parent="CSGCylinder"]
transform = Transform( 0.936623, 0, 0.350338, 0, 1, 0, -0.350338, 0, 0.936623, -22.0725, -3.14311, -70.7178 )
operation = 2
width = 16.6053
height = 16.3578
depth = 8.32502

[node name="CSGBox2" type="CSGBox" parent="CSGCylinder"]
transform = Transform( 0.922653, 0, 0.385632, 0, 1, 0, -0.385632, 0, 0.922653, -21.8441, 7.70098, -69.6456 )
width = 4.74286
height = 4.7309
depth = 0.422626

[node name="Sprite3D" type="Sprite3D" parent="CSGCylinder/CSGBox2"]
transform = Transform( 1, 0, 2.98023e-08, 0, 1, 0, -2.98023e-08, 0, 1, -0.0917377, 0, 0.219482 )
texture = ExtResource( 4 )

[node name="CSGCylinder" type="CSGCylinder" parent="CSGCylinder"]
transform = Transform( 1, 0, 0, 0, 1, 0, 0, 0, 1, 0, 14.5045, 0 )
radius = 8.93676
height = 59.9175
material = SubResource( 4 )

[node name="CSGCylinder3" type="CSGCylinder" parent="CSGCylinder"]
transform = Transform( 1, 0, 0, 0, 1, 0, 0, 0, 1, 0, 14.5045, 0 )
operation = 2
radius = 6.69358
height = 59.4984
material = SubResource( 5 )

[node name="CSGBox3" type="CSGBox" parent="CSGCylinder"]
transform = Transform( 1, 0, 0, 0, 1, 0, 0, 0, 1, 8.29973, -5.93429, -0.452343 )
operation = 2
width = 7.37451
height = 10.6407
depth = 5.80187

[node name="CSGBox4" type="CSGBox" parent="CSGCylinder"]
transform = Transform( 1, 0, 0, 0, 1, 0, 0, 0, 1, 8.29973, 16.9102, -0.452343 )
operation = 2
width = 7.37451
height = 10.6407
depth = 5.80187

[node name="L1 Area" type="CSGCombiner" parent="CSGCylinder"]
transform = Transform( 1, 0, 0, 0, 1, 0, 0, 0, 1, 0.510846, 2.49998, 0.644737 )

[node name="CSGBox" type="CSGBox" parent="CSGCylinder/L1 Area"]
transform = Transform( 0.925011, 0, 0.379941, 0, 1, 0, -0.379941, 0, 0.925011, -32.1439, -2.70669, -94.4776 )
width = 39.1997
height = 22.2994
depth = 46.1597

[node name="CSGBox2" type="CSGBox" parent="CSGCylinder/L1 Area"]
transform = Transform( 0.925011, 0, 0.379941, 0, 1, 0, -0.379941, 0, 0.925011, -32.0674, -2.70669, -94.023 )
operation = 2
width = 38.8477
height = 22.2092
depth = 45.483
material = ExtResource( 2 )

[node name="Lift" parent="CSGCylinder/L1 Area" instance=ExtResource( 3 )]
transform = Transform( 1.02944, 0, -2.29932, 0, 4.20935, 0, 2.58569, 0, 0.915429, -37.2696, -8.06543, -104.859 )
height = 30.0188
target_Scene = "res://Levels/L1.tscn"
move_Hight = 10

[node name="CSGCylinder" type="CSGCylinder" parent="CSGCylinder/L1 Area"]
transform = Transform( 0.841746, 0, 0.539873, 0, 1, 0, -0.539873, 0, 0.841746, -37.3516, 8.16637, -104.848 )
operation = 2
radius = 5.84753

[node name="Keycard Door" parent="." instance=ExtResource( 5 )]
transform = Transform( 0.920943, 0, 0.102464, 0, 1.27733, 0, -0.3772, 0, 0.250168, -16.2767, -2.98443, -50.3344 )
open_Hight = 10
